STAGE 1:
============================
{'attempts': 1, 'goals': [1], 'num_goals': 1, 'joint_types': [5], 'num_joints': 1, 'connections': [[1, -1, 0, -1]], 'num_cables': 2}

STAGE 2:
============================
{'attempts': 9, 'goals': [8], 'num_goals': 1, 'joint_types': [6, 3, 3, 2, 2, 3], 'num_joints': 6, 'connections': [[3, -1, 0, 1], [2, 1, -1, -1], [6, -1, 3, 4], [5, 4, 2, -1], [-1, -1, 6, 7], [8, 7, 5, -1]], 'num_cables': 9}

STAGE 3:
============================
{'attempts': 8, 'goals': [12, 9, 13, 8, 14, 7], 'num_goals': 6, 'joint_types': [0, 5, 1, 5, 0, 9, 8, 4, 2, 6], 'num_joints': 10, 'connections': [[-1, 3, 0, 14], [-1, 0, 2, 1], [7, 1, 10, 12], [6, 11, 7, 8], [1, 4, 9, -1], [4, 5, -1, 13], [-1, 5, -1, 0], [10, -1, 6, 3], [-1, 12, 1, -1], [11, 12, -1, -1]], 'num_cables': 15}

STAGE 4:
============================
{'attempts': 8, 'goals': [14, 4, 10, 1, 12, 19], 'num_goals': 6, 'joint_types': [7, 5, 8, 9, 8, 5, 3, 2, 7, 1, 8, 1, 8, 5, 3], 'num_joints': 15, 'connections': [[11, -1, 19, 0], [19, 10, 21, 13], [21, 17, -1, 3], [4, -1, 14, 11], [12, 10, -1, 8], [3, 9, -1, 2], [4, 1, 18, 20], [-1, 15, 17, 7], [16, -1, 13, 6], [5, 18, -1, -1], [16, 13, 2, 5], [-1, -1, -1, 16], [5, 2, 11, 4], [1, -1, 0, 9], [16, 11, 13, -1]], 'num_cables': 22}

STAGE 5:
============================
{'attempts': 114514, 'goals': [1, 10, 23, 20, 24, 19, 25, 18, 40, 30, 36, 27, 38, 45], 'num_goals': 14, 'joint_types': [5, 6, 3, 3, 2, 2, 3, 0, 5, 1, 5, 0, 9, 8, 4, 2, 6, 7, 5, 8, 9, 8, 5, 3, 2, 7, 1, 8, 1, 8, 5, 3, 3, 4], 'num_joints': 34, 'connections': [[1, -1, 0, -1], [5, -1, 2, 3], [4, 3, -1, -1], [8, -1, 5, 6], [7, 6, 4, -1], [-1, -1, 8, 9], [10, 9, 7, -1], [-1, 14, 11, 25], [-1, 11, 13, 12], [18, 12, 21, 23], [17, 22, 18, 19], [12, 15, 20, -1], [15, 16, -1, 24], [-1, 16, -1, 11], [21, -1, 17, 14], [-1, 23, 12, -1], [22, 23, -1, -1], [37, -1, 45, 26], [45, 36, 47, 39], [47, 43, -1, 29], [30, -1, 40, 37], [38, 36, -1, 34], [29, 35, -1, 28], [30, 27, 44, 46], [-1, 41, 43, 33], [42, -1, 39, 32], [31, 44, -1, -1], [42, 39, 28, 31], [-1, -1, -1, 42], [31, 28, 37, 30], [27, -1, 26, 35], [42, 37, 39, -1], [48, 2, 11, 26], [0, -1, 48, -1]], 'num_cables': 49}

